0.000	0.000  	-11.48	113
2.344 	-1.353  -7.655	113
-2.344 	-1.353  -7.655	113
0.000 	2.706  	-7.655	113
2.344 	-4.059  -11.48	113
-2.344 	-4.059  -11.48	113
-4.687 	0.000  	-11.48	113
-2.344	4.059  	-11.48	113
2.344  	4.059  	-11.48	113
4.687  	0.000  	-11.48	113
0.000  	-2.706  -15.31	113
-2.344  1.353  	-15.31	113
2.344   1.353  	-15.31	113
0.000   0.000  	-14.35	125
0.000	-2.706  -6.698	125
-2.344	1.353	-6.698	125
2.344   1.353  	-6.698	125
0.000  	-5.413  -10.53	125
-4.687   2.706 	-10.53	125
4.687   2.706  	-10.53	125
2.344  	-4.059  -14.35	125
-2.344 	-4.059  -14.35	125
-4.687   0.000  -14.35	125
-2.344   4.059 	-14.35	125
2.344   4.059  	-14.35	125
4.687   0.000  	-14.35	125